y = 10:5:80;
x = [2.35,1.69,1.33,1.1,0.94,0.83,0.74,0.67,0.61,0.56,0.52,0.49,0.46,0.43,0.41]
A = [y',x'];